1 2.21905517578125 2.2191162109375
2 2.2191071487810796 2.2191162109375
3 2.2191071489137455 2.2191162109375
4 2.219107148913746 2.2191162109375
5 2.219107148913746 2.2191162109375
6 2.219107148913746 2.2191162109375
7 2.219107148913746 2.2191162109375
8 2.219107148913746 2.2191162109375
9 2.219107148913746 2.2191162109375
10 2.219107148913746 2.2191162109375
11 2.219107148913746 2.2191162109375
12 2.219107148913746 2.2191162109375
13 2.219107148913746 2.2191162109375
14 2.219107148913746 2.2191162109375
15 2.219107148913746 2.2191162109375
16 2.219107148913746 2.2191162109375
17 2.219107148913746 2.2191162109375
18 2.219107148913746 2.2191162109375
19 2.219107148913746 2.2191162109375
20 2.219107148913746 2.2191162109375
21 2.219107148913746 2.2191162109375
22 2.219107148913746 2.2191162109375
23 2.219107148913746 2.2191162109375
24 2.219107148913746 2.2191162109375
25 2.219107148913746 2.2191162109375
26 2.219107148913746 2.2191162109375
27 2.219107148913746 2.2191162109375
28 2.219107148913746 2.2191162109375
29 2.219107148913746 2.2191162109375
30 2.219107148913746 2.2191162109375
31 2.219107148913746 2.2191162109375
32 2.219107148913746 2.2191162109375
33 2.219107148913746 2.2191162109375
34 2.219107148913746 2.2191162109375
35 2.219107148913746 2.2191162109375
36 2.219107148913746 2.2191162109375
37 2.219107148913746 2.2191162109375
38 2.219107148913746 2.2191162109375
39 2.219107148913746 2.2191162109375
40 2.219107148913746 2.2191162109375
41 2.219107148913746 2.2191162109375
42 2.219107148913746 2.2191162109375
43 2.219107148913746 2.2191162109375
44 2.219107148913746 2.2191162109375
45 2.219107148913746 2.2191162109375
46 2.219107148913746 2.2191162109375
47 2.219107148913746 2.2191162109375
48 2.219107148913746 2.2191162109375
49 2.219107148913746 2.2191162109375
50 2.219107148913746 2.2191162109375
51 2.219107148913746 2.2191162109375
52 2.219107148913746 2.2191162109375
53 2.219107148913746 2.2191162109375
54 2.219107148913746 2.2191162109375
55 2.219107148913746 2.2191162109375
56 2.219107148913746 2.2191162109375
57 2.219107148913746 2.2191162109375
58 2.219107148913746 2.2191162109375
59 2.219107148913746 2.2191162109375
60 2.219107148913746 2.2191162109375
61 2.219107148913746 2.2191162109375
62 2.219107148913746 2.2191162109375
63 2.219107148913746 2.2191162109375
64 2.219107148913746 2.2191162109375
65 2.219107148913746 2.2191162109375
66 2.219107148913746 2.2191162109375
67 2.219107148913746 2.2191162109375
68 2.219107148913746 2.2191162109375
69 2.219107148913746 2.2191162109375
70 2.219107148913746 2.2191162109375
71 2.219107148913746 2.2191162109375
72 2.219107148913746 2.2191162109375
73 2.219107148913746 2.2191162109375
74 2.219107148913746 2.2191162109375
75 2.219107148913746 2.2191162109375
76 2.219107148913746 2.2191162109375
77 2.219107148913746 2.2191162109375
78 2.219107148913746 2.2191162109375
79 2.219107148913746 2.2191162109375
80 2.219107148913746 2.2191162109375
81 2.219107148913746 2.2191162109375
82 2.219107148913746 2.2191162109375
83 2.219107148913746 2.2191162109375
84 2.219107148913746 2.2191162109375
85 2.219107148913746 2.2191162109375
86 2.219107148913746 2.2191162109375
87 2.219107148913746 2.2191162109375
88 2.219107148913746 2.2191162109375
89 2.219107148913746 2.2191162109375
90 2.219107148913746 2.2191162109375
91 2.219107148913746 2.2191162109375
92 2.219107148913746 2.2191162109375
93 2.219107148913746 2.2191162109375
94 2.219107148913746 2.2191162109375
95 2.219107148913746 2.2191162109375
96 2.219107148913746 2.2191162109375
97 2.219107148913746 2.2191162109375
98 2.219107148913746 2.2191162109375
99 2.219107148913746 2.2191162109375
100 2.219107148913746 2.2191162109375
101 2.219107148913746 2.2191162109375
102 2.219107148913746 2.2191162109375
103 2.219107148913746 2.2191162109375
104 2.219107148913746 2.2191162109375
105 2.219107148913746 2.2191162109375
106 2.219107148913746 2.2191162109375
107 2.219107148913746 2.2191162109375
108 2.219107148913746 2.2191162109375
109 2.219107148913746 2.2191162109375
110 2.219107148913746 2.2191162109375
111 2.219107148913746 2.2191162109375
112 2.219107148913746 2.2191162109375
113 2.219107148913746 2.2191162109375
114 2.219107148913746 2.2191162109375
115 2.219107148913746 2.2191162109375
116 2.219107148913746 2.2191162109375
117 2.219107148913746 2.2191162109375
118 2.219107148913746 2.2191162109375
119 2.219107148913746 2.2191162109375
120 2.219107148913746 2.2191162109375
121 2.219107148913746 2.2191162109375
122 2.219107148913746 2.2191162109375
123 2.219107148913746 2.2191162109375
124 2.219107148913746 2.2191162109375
125 2.219107148913746 2.2191162109375
126 2.219107148913746 2.2191162109375
127 2.219107148913746 2.2191162109375
128 2.219107148913746 2.2191162109375
129 2.219107148913746 2.2191162109375
130 2.219107148913746 2.2191162109375
131 2.219107148913746 2.2191162109375
132 2.219107148913746 2.2191162109375
133 2.219107148913746 2.2191162109375
134 2.219107148913746 2.2191162109375
135 2.219107148913746 2.2191162109375
136 2.219107148913746 2.2191162109375
137 2.219107148913746 2.2191162109375
138 2.219107148913746 2.2191162109375
139 2.219107148913746 2.2191162109375
140 2.219107148913746 2.2191162109375
141 2.219107148913746 2.2191162109375
142 2.219107148913746 2.2191162109375
143 2.219107148913746 2.2191162109375
144 2.219107148913746 2.2191162109375
145 2.219107148913746 2.2191162109375
146 2.219107148913746 2.2191162109375
147 2.219107148913746 2.2191162109375
148 2.219107148913746 2.2191162109375
149 2.219107148913746 2.2191162109375
150 2.219107148913746 2.2191162109375
151 2.219107148913746 2.2191162109375
152 2.219107148913746 2.2191162109375
153 2.219107148913746 2.2191162109375
154 2.219107148913746 2.2191162109375
155 2.219107148913746 2.2191162109375
156 2.219107148913746 2.2191162109375
157 2.219107148913746 2.2191162109375
158 2.219107148913746 2.2191162109375
159 2.219107148913746 2.2191162109375
160 2.219107148913746 2.2191162109375
161 2.219107148913746 2.2191162109375
162 2.219107148913746 2.2191162109375
163 2.219107148913746 2.2191162109375
164 2.219107148913746 2.2191162109375
165 2.219107148913746 2.2191162109375
166 2.219107148913746 2.2191162109375
167 2.219107148913746 2.2191162109375
168 2.219107148913746 2.2191162109375
169 2.219107148913746 2.2191162109375
170 2.219107148913746 2.2191162109375
171 2.219107148913746 2.2191162109375
172 2.219107148913746 2.2191162109375
173 2.219107148913746 2.2191162109375
174 2.219107148913746 2.2191162109375
175 2.219107148913746 2.2191162109375
176 2.219107148913746 2.2191162109375
177 2.219107148913746 2.2191162109375
178 2.219107148913746 2.2191162109375
179 2.219107148913746 2.2191162109375
180 2.219107148913746 2.2191162109375
181 2.219107148913746 2.2191162109375
182 2.219107148913746 2.2191162109375
183 2.219107148913746 2.2191162109375
184 2.219107148913746 2.2191162109375
185 2.219107148913746 2.2191162109375
186 2.219107148913746 2.2191162109375
187 2.219107148913746 2.2191162109375
188 2.219107148913746 2.2191162109375
189 2.219107148913746 2.2191162109375
190 2.219107148913746 2.2191162109375
191 2.219107148913746 2.2191162109375
192 2.219107148913746 2.2191162109375
193 2.219107148913746 2.2191162109375
194 2.219107148913746 2.2191162109375
195 2.219107148913746 2.2191162109375
196 2.219107148913746 2.2191162109375
197 2.219107148913746 2.2191162109375
198 2.219107148913746 2.2191162109375
199 2.219107148913746 2.2191162109375
